6
2061
18
22
4119
24
4122
2074
4124
2077
2082
36
4139
4147
4148
54
4150
4155
2119
72
73
75
4174
4180
89
92
4190
96
4193
98
2147
105
4202
4204
4205
108
111
2163
4214
2172
4224
133
2183
2191
145
4241
2201
2204
4253
4258
4262
171
4270
2223
2229
4278
183
184
4280
2230
189
197
4301
4303
216
4314
221
4328
4330
4331
2283
4336
4339
2293
2294
2295
4349
255
4357
2310
269
2317
2319
272
273
283
293
299
301
2350
306
2355
312
2362
4411
316
317
318
4430
4432
4433
2391
2398
2399
2406
4458
364
4463
2419
374
4473
4474
4476
4477
4478
384
391
2442
396
2447
2450
2451
4499
409
2458
4506
4508
2460
2466
420
2471
425
435
2483
4533
2491
4541
2499
456
462
464
2513
466
4563
471
2519
476
477
4577
484
485
4582
486
4583
4588
4589
494
2546
2557
2558
4605
516
2567
4622
4635
2594
4644
2598
4652
2616
2617
569
576
4680
585
588
4684
592
4689
2647
4701
2663
2671
2673
4722
2675
629
4726
4731
2688
643
647
651
4749
4752
658
4757
663
2711
2721
4775
680
2727
2733
689
690
692
701
4798
703
4800
4801
2753
4808
712
718
4817
722
724
726
4830
2784
743
4841
750
2812
4861
770
4874
778
780
4877
782
2831
4879
795
2851
2852
2856
816
2867
819
2870
2875
832
4928
836
4933
837
839
2889
4940
4942
863
864
867
874
2924
4980
886
2935
888
2947
4995
2955
2960
917
2970
929
930
931
933
947
2998
2999
954
958
963
3012
964
967
3016
971
974
982
984
990
3039
3047
1007
1008
3059
1025
3079
1032
3082
1036
3095
1057
1064
3119
3127
1089
1094
1101
1116
1121
1122
3169
3171
1125
3180
3181
3186
1139
1140
3201
1155
1175
3224
3226
3229
1184
3239
1191
1197
1208
1210
3259
3258
3261
3267
3268
1243
3295
3297
1249
1254
1258
3307
1262
3312
3322
3372
3375
1339
3388
1341
3387
3400
1356
3405
1364
3415
3419
1385
3433
1387
3436
1389
3439
3443
1402
3456
1409
3464
1417
3465
3467
3468
3470
1423
3476
3484
3491
1443
3498
3499
3506
3507
1459
1469
3523
1480
3534
1491
3544
1498
1505
1510
1512
3569
1526
3576
3579
1537
1539
3605
1558
3617
1583
1590
1591
3643
3649
3650
3653
3655
3660
1613
1614
3663
3665
3668
3671
1626
1636
3698
1655
1665
3728
1682
3736
3738
1694
1699
1702
1705
3754
3757
1717
1722
3780
1745
1749
1755
3807
3808
1761
1771
1772
1780
1781
1782
3840
1795
3848
1803
1813
1814
3864
1820
1824
1825
3881
1838
3892
3893
1846
3894
1852
1860
3922
3923
1883
1886
3938
3946
1899
1910
3961
1913
3966
1919
1926
3982
3988
1946
1954
1966
1970
1971
1982
1983
1984
1985
4044
4045
1997
2001
2008
2009
2010
4056
2017
2020
4071
2032
2036
2047
