2048
4098
2051
2052
2053
6
4103
4104
4105
2058
4107
2060
4110
17
18
2066
2074
2075
26
4126
2082
4131
4132
37
38
4134
2087
44
4140
2094
4145
50
4148
4149
4150
4151
2101
4155
2107
63
4160
2113
64
4163
4165
69
2120
4171
76
75
4174
77
80
4177
2130
4183
2136
89
87
4187
91
94
95
4192
4193
2146
2142
2147
4190
2150
103
4200
105
108
4204
112
4214
119
4215
120
123
4219
4220
4226
2179
133
2185
138
4233
2187
2189
4237
142
4236
4241
4246
157
4254
159
160
2208
4258
2213
4262
2214
4265
2220
2223
4273
4274
4275
2227
4278
2230
184
2233
4280
2235
4284
2236
2239
192
2243
195
200
2249
2250
4299
4298
4297
4303
4314
218
220
2267
4322
4325
231
2280
235
2284
4334
2287
2295
4343
2301
255
2304
2311
4360
267
269
2319
273
4371
4372
4373
280
4377
2330
2331
282
285
2336
289
2337
290
4385
2342
299
2348
301
2350
2349
2352
4400
302
4396
307
311
312
2364
321
4418
2374
327
4424
2378
2380
4433
4435
2388
4437
4438
342
340
2394
4443
350
2403
2405
885
2408
361
4458
2410
364
2418
371
4469
374
4472
4473
2430
383
2432
384
387
4485
391
2445
401
4501
2453
4502
4504
4505
2458
4508
4510
2465
2466
418
2468
419
4518
422
2472
2475
4524
4525
4527
2480
2481
2484
437
2486
436
2485
2490
442
4541
4542
447
448
2496
2498
4549
454
4556
4557
464
2517
4567
472
4569
4573
2525
481
4577
482
484
485
4583
2536
489
490
4585
4588
493
488
2541
496
492
499
2547
4598
505
507
508
2557
2555
2560
516
517
2568
2569
522
521
4617
520
4622
526
527
529
2578
4630
4632
2587
540
2588
2594
2600
4650
555
2602
4653
2605
564
2613
4660
2615
4664
2616
569
4667
572
2621
4670
575
2624
577
2626
2618
580
4678
583
584
2631
4680
2635
4686
2638
4689
4690
2642
596
599
600
4697
602
2649
4700
2655
608
609
4707
4708
2661
2659
4711
4712
615
618
620
622
2672
4721
2675
4725
2680
633
4731
2683
637
2686
639
2687
642
645
4742
647
648
2696
2694
2695
652
4749
651
4743
4752
2705
658
2704
4755
2711
4764
4765
2718
4767
2720
4768
674
4766
2724
670
4776
2732
4781
4783
688
2736
690
2738
4788
2741
692
695
696
700
4801
2754
2755
4804
2757
4806
715
4813
718
4815
2774
727
4825
4829
2782
2783
736
2785
4838
743
4842
747
2799
2800
2802
4853
758
2808
762
2811
2814
766
774
779
4875
2829
2830
784
2836
4884
792
4891
796
2845
4896
801
4901
4902
809
4907
4908
818
819
2868
821
2867
2872
826
2875
2878
833
2881
2883
837
4935
2888
2891
2892
2893
4943
2895
4944
2898
2896
4948
857
858
4955
862
864
2913
2918
2922
2923
2927
4978
2931
2932
4981
4982
2935
4980
4984
887
2939
889
893
894
2943
2942
891
2945
899
2947
2940
4998
896
2952
2954
2957
2958
911
912
910
916
919
922
929
2978
936
2986
945
2994
946
2997
950
2999
3001
3003
3005
957
3012
3013
3016
3017
3018
974
975
976
977
3027
983
985
3034
994
996
3050
1003
1004
3053
3059
3062
1018
1019
3067
3070
1025
1026
1030
3079
1032
3081
3085
1040
3093
1048
3097
1057
1058
3112
1067
3116
3119
1072
1073
1075
3123
1080
3134
1090
1092
3149
1103
3152
1105
1106
3157
1110
3163
1116
1115
3168
3169
3170
3177
1129
3179
1132
1133
3184
1138
3187
1140
1143
3193
1149
1155
3204
1160
1163
3216
1172
1174
1175
1178
3227
1179
3229
3234
3238
1191
1192
3243
1195
1197
1207
1208
3260
1220
1221
3272
1226
1230
1231
1232
3280
1239
1240
3297
1250
1254
3303
3311
3313
1265
1267
3317
1271
3320
3321
3323
1276
1275
1278
1284
3339
1295
1296
3348
1300
3350
3351
3353
1305
3356
3360
3361
3365
3374
1327
3375
3377
1329
3379
1328
3376
1337
3388
1342
3391
1344
1345
3390
3397
3403
1356
3407
3409
3410
3417
3419
1373
1375
3426
1378
3428
1380
1384
3432
3434
3439
3440
3441
3448
1403
1404
1406
3457
3462
1415
3467
3468
3469
1426
1427
3478
3479
1434
3484
3485
3491
1445
3494
3496
3497
3499
1454
3506
1463
3512
3514
3517
1469
3520
3522
3523
1476
3526
1479
1480
1482
1483
3539
1492
3541
1491
3546
1502
3553
3556
3557
1511
1512
3563
1516
3565
1520
1534
1536
3589
1542
3594
3595
1548
1552
3601
1556
3605
1557
1563
1565
3617
3618
1573
1586
3636
1589
3638
3639
3637
3643
1595
1596
3646
1598
3645
1601
1603
1605
1608
1609
1613
1614
3663
3662
3667
1622
3671
3670
3673
1626
3675
1627
1629
1630
3682
3685
1637
3686
1640
3689
3692
1648
1652
1656
1660
3710
3711
1667
1669
3719
3721
1675
3724
1677
3726
3727
3725
1683
1684
3738
3739
1694
3745
3746
3750
3752
1705
3756
3760
3761
1713
1717
3767
3771
1724
1726
1727
3777
1732
1734
1736
1738
3788
1741
3790
1743
1744
1745
3792
1749
1756
1757
3804
1762
3812
1765
3815
3816
3818
3819
1770
1780
1787
3844
1796
1799
3850
3858
3859
1812
3864
3865
3870
3871
1825
3873
3879
3880
1833
3883
1837
1842
1846
3894
3900
3901
1855
1856
1859
1861
1862
3911
1876
3929
1886
3937
1890
3941
3942
1899
1900
3949
3950
3948
1904
1913
3962
3965
1919
1923
3972
1925
3974
3971
3983
1939
1941
1946
1949
1950
3998
1953
1956
4004
1958
4006
4008
4011
1966
1967
1968
4022
4025
1977
4026
1980
4028
4030
1984
1985
1986
4038
4040
4044
4045
1997
4046
2001
2002
4051
2004
4053
2006
4058
2010
4065
4066
2020
4069
2024
2025
2026
2027
2028
4080
4085
2040
2043
2047
