3
5
8
9
10
11
12
13
14
15
16
17
18
19
20
21
22
23
24
27
29
31
32
35
38
39
40
42
43
45
47
48
49
50
51
52
54
55
56
57
59
60
63
66
69
71
76
77
78
84
85
87
89
90
92
94
95
96
97
99
101
102
105
108
109
117
119
120
121
123
124
126
130
133
134
136
138
139
140
145
146
147
148
154
157
159
160
162
166
169
170
171
172
174
180
181
183
184
185
188
189
190
191
192
193
194
195
196
197
198
200
201
205
207
209
211
212
213
216
218
219
220
227
228
235
236
237
242
243
245
246
248
250
251
252
255
258
259
260
264
265
267
271
272
273
274
276
277
278
280
281
282
284
285
287
289
292
293
294
301
302
306
309
311
312
315
316
317
320
323
326
327
330
332
333
334
335
336
340
347
348
352
356
358
359
360
363
364
366
368
369
370
371
374
375
376
378
381
382
386
388
391
393
396
398
401
404
405
410
412
413
414
415
416
422
423
424
425
427
430
433
434
435
436
437
438
440
441
442
443
444
446
447
448
449
450
452
454
455
456
461
466
468
469
470
471
472
476
477
480
481
483
486
488
490
492
493
494
496
500
501
504
508
515
519
520
521
522
525
526
527
529
532
534
536
538
539
540
543
544
545
548
550
551
552
554
555
556
558
561
562
563
564
565
566
567
569
570
574
576
577
579
580
581
582
583
584
586
587
588
589
592
594
595
596
600
602
604
606
608
610
611
614
615
618
622
630
633
636
637
638
639
641
642
643
645
647
648
651
652
657
666
668
669
671
673
674
676
679
680
683
684
688
689
690
691
692
696
697
699
701
704
706
707
710
711
712
713
714
715
716
718
719
721
722
723
724
728
731
733
735
743
745
747
751
753
754
755
757
760
762
765
766
767
768
770
774
775
777
778
781
782
783
784
785
786
788
789
790
792
794
795
796
797
798
804
805
810
811
812
813
815
816
817
818
820
821
822
825
826
830
831
833
834
840
841
844
846
850
851
852
853
855
856
857
859
861
862
863
864
865
867
869
870
871
872
873
874
876
878
879
882
884
886
887
888
892
893
894
895
896
898
899
900
902
903
904
905
906
907
912
916
920
922
923
925
927
933
935
944
945
946
948
952
953
955
957
959
961
962
963
966
967
969
972
973
976
977
978
979
981
982
983
986
987
989
990
993
994
995
996
1005
1008
1009
1010
1013
1019
1025
1026
1027
1028
1030
1031
1032
1034
1036
1037
1038
1039
1040
1045
1046
1047
1048
1049
1051
1054
1056
1057
1058
1061
1063
1064
1067
1069
1071
1073
1074
1075
1079
1083
1084
1087
1088
1089
1091
1092
1093
1094
1097
1101
1102
1103
1105
1107
1113
1115
1116
1117
1118
1122
1123
1125
1126
1127
1130
1131
1133
1135
1136
1138
1140
1141
1145
1146
1151
1152
1153
1156
1159
1163
1166
1170
1171
1172
1173
1174
1175
1177
1178
1181
1183
1185
1187
1191
1192
1197
1203
1204
1205
1208
1211
1215
1218
1219
1220
1221
1222
1223
1225
1226
1227
1228
1229
1231
1232
1235
1237
1238
1239
1240
1242
1243
1247
1248
1249
1252
1253
1254
1259
1261
1264
1265
1266
1267
1268
1270
1271
1272
1273
1276
1278
1281
1285
1288
1289
1290
1291
1292
1293
1294
1300
1303
1305
1308
1310
1311
1314
1315
1318
1319
1325
1326
1328
1329
1330
1333
1334
1335
1337
1339
1340
1342
1343
1344
1345
1346
1348
1349
1350
1352
1353
1356
1358
1362
1366
1368
1373
1375
1378
1379
1381
1382
1387
1389
1390
1391
1394
1396
1403
1405
1408
1409
1410
1411
1414
1415
1416
1417
1420
1423
1425
1426
1429
1431
1433
1434
1436
1437
1438
1439
1440
1443
1444
1445
1446
1449
1450
1451
1452
1454
1455
1458
1459
1460
1462
1463
1469
1477
1478
1479
1482
1486
1489
1490
1491
1492
1493
1495
1496
1498
1500
1501
1505
1507
1508
1510
1512
1513
1516
1518
1520
1522
1524
1526
1528
1535
1537
1539
1545
1546
1548
1552
1554
1560
1566
1569
1570
1572
1573
1579
1581
1582
1584
1585
1586
1589
1591
1592
1593
1596
1599
1600
1602
1603
1604
1606
1607
1609
1610
1611
1612
1613
1614
1618
1622
1626
1629
1634
1636
1637
1638
1639
1646
1648
1653
1655
1656
1658
1659
1660
1662
1663
1664
1665
1669
1670
1671
1673
1677
1681
1683
1684
1685
1695
1696
1699
1701
1702
1703
1706
1709
1712
1713
1716
1717
1718
1719
1723
1724
1725
1726
1727
1731
1735
1736
1739
1741
1742
1744
1745
1746
1749
1750
1754
1756
1757
1763
1765
1769
1771
1773
1774
1777
1778
1781
1782
1783
1784
1787
1789
1791
1793
1795
1796
1797
1799
1801
1803
1805
1806
1807
1810
1812
1814
1815
1816
1817
1822
1825
1829
1830
1832
1833
1836
1837
1841
1842
1844
1846
1848
1849
1859
1860
1861
1862
1873
1874
1876
1877
1878
1879
1881
1883
1884
1886
1887
1888
1890
1891
1892
1896
1899
1900
1902
1903
1904
1905
1906
1908
1910
1911
1913
1914
1916
1917
1918
1920
1923
1924
1925
1926
1928
1930
1931
1935
1936
1937
1938
1942
1943
1945
1946
1947
1950
1952
1953
1956
1961
1962
1964
1965
1966
1967
1968
1969
1970
1974
1979
1980
1984
1990
1991
1993
1994
1997
1998
2000
2001
2002
2003
2004
2008
2013
2016
2017
2020
2021
2022
2025
2026
2027
2032
2034
2035
2036
2037
2038
2039
2040
2044
2045
2046
2047
2048
2049
2050
2051
2052
2053
2054
2058
2059
2061
2066
2068
2073
2074
2077
2078
2079
2081
2082
2083
2087
2090
2094
2097
2098
2099
2101
2102
2103
2108
2110
2116
2119
2120
2122
2123
2125
2126
2127
2129
2131
2135
2136
2140
2141
2143
2145
2146
2147
2152
2156
2160
2161
2163
2164
2165
2167
2170
2175
2179
2182
2183
2184
2185
2186
2188
2191
2192
2193
2196
2200
2202
2203
2204
2207
2208
2211
2212
2213
2214
2215
2217
2220
2222
2223
2224
2229
2230
2231
2233
2235
2238
2239
2240
2242
2243
2249
2252
2256
2257
2259
2260
2262
2263
2267
2268
2271
2273
2274
2275
2276
2278
2279
2281
2282
2283
2284
2285
2288
2289
2291
2293
2294
2296
2297
2298
2299
2301
2302
2304
2305
2310
2311
2314
2318
2319
2324
2327
2328
2331
2332
2337
2338
2339
2340
2341
2342
2345
2346
2348
2349
2351
2354
2358
2362
2363
2366
2368
2372
2374
2376
2377
2378
2379
2380
2381
2383
2384
2385
2389
2390
2392
2395
2397
2398
2405
2406
2407
2413
2414
2415
2416
2419
2421
2422
2423
2426
2427
2430
2431
2432
2435
2438
2440
2442
2444
2445
2448
2451
2452
2453
2455
2458
2459
2460
2461
2463
2464
2466
2468
2470
2471
2472
2473
2475
2478
2482
2483
2487
2488
2493
2496
2498
2499
2500
2501
2504
2506
2507
2508
2509
2510
2511
2513
2515
2519
2523
2527
2530
2531
2534
2535
2536
2537
2539
2540
2541
2544
2546
2547
2548
2551
2552
2553
2558
2559
2563
2564
2565
2566
2569
2570
2573
2575
2585
2588
2591
2594
2595
2596
2598
2599
2601
2606
2610
2615
2618
2622
2625
2628
2630
2631
2633
2635
2636
2637
2638
2639
2640
2643
2644
2645
2646
2647
2648
2657
2659
2661
2663
2664
2665
2668
2669
2671
2672
2680
2682
2684
2687
2688
2689
2690
2691
2695
2696
2700
2702
2704
2707
2709
2710
2711
2714
2715
2716
2720
2721
2723
2724
2730
2731
2732
2733
2734
2735
2736
2737
2739
2741
2743
2744
2746
2747
2751
2752
2753
2755
2761
2762
2763
2772
2773
2774
2775
2777
2783
2785
2786
2789
2792
2798
2799
2800
2801
2802
2803
2806
2809
2810
2813
2814
2817
2819
2820
2821
2823
2825
2827
2829
2830
2835
2836
2839
2842
2843
2849
2850
2857
2858
2859
2860
2861
2862
2863
2865
2866
2867
2871
2872
2874
2875
2879
2883
2885
2888
2889
2890
2892
2893
2895
2896
2898
2902
2906
2907
2908
2909
2910
2911
2913
2919
2920
2923
2926
2929
2934
2935
2937
2938
2939
2942
2943
2944
2945
2946
2947
2949
2952
2953
2954
2955
2957
2958
2959
2960
2962
2964
2966
2967
2970
2973
2974
2975
2976
2977
2978
2981
2985
2986
2987
2988
2990
2993
2994
2998
2999
3000
3005
3007
3008
3011
3013
3014
3016
3018
3021
3025
3026
3028
3030
3032
3033
3037
3038
3039
3043
3045
3047
3050
3053
3055
3056
3059
3062
3064
3070
3071
3073
3076
3077
3078
3079
3081
3083
3085
3088
3091
3092
3094
3096
3097
3101
3102
3104
3107
3111
3112
3115
3116
3117
3119
3120
3122
3124
3125
3127
3130
3131
3132
3134
3135
3136
3137
3138
3141
3142
3145
3147
3148
3149
3150
3152
3153
3157
3158
3159
3160
3161
3163
3165
3166
3168
3169
3175
3177
3178
3181
3182
3183
3184
3186
3187
3189
3190
3191
3192
3195
3196
3198
3199
3200
3201
3202
3206
3213
3215
3217
3220
3221
3222
3224
3227
3228
3229
3231
3232
3233
3236
3237
3239
3243
3244
3246
3247
3248
3249
3253
3259
3260
3261
3263
3264
3265
3266
3267
3268
3269
3274
3277
3278
3282
3284
3287
3291
3294
3295
3297
3299
3300
3302
3303
3308
3310
3311
3313
3316
3317
3319
3320
3321
3322
3323
3324
3326
3328
3330
3332
3339
3343
3344
3345
3350
3352
3353
3356
3357
3358
3361
3371
3372
3375
3377
3379
3381
3382
3383
3388
3390
3392
3397
3401
3403
3404
3405
3407
3408
3410
3412
3413
3415
3416
3418
3419
3420
3422
3423
3425
3427
3429
3431
3432
3436
3440
3441
3442
3444
3448
3454
3456
3457
3459
3461
3462
3463
3465
3466
3467
3468
3469
3470
3477
3478
3480
3484
3485
3486
3487
3488
3489
3491
3493
3497
3499
3500
3501
3503
3504
3507
3509
3512
3514
3515
3516
3520
3526
3527
3529
3531
3534
3535
3538
3539
3541
3546
3549
3550
3552
3555
3558
3560
3563
3564
3565
3567
3568
3569
3570
3571
3572
3573
3577
3578
3579
3582
3585
3588
3589
3594
3596
3597
3598
3600
3601
3602
3604
3605
3606
3608
3614
3617
3619
3621
3622
3623
3624
3626
3627
3628
3631
3632
3634
3638
3639
3643
3646
3648
3649
3650
3653
3655
3657
3658
3660
3661
3662
3663
3666
3668
3671
3673
3677
3678
3684
3686
3687
3689
3690
3692
3694
3697
3699
3701
3702
3704
3705
3707
3709
3710
3712
3713
3715
3716
3717
3722
3724
3725
3726
3729
3731
3732
3736
3738
3740
3742
3743
3744
3745
3747
3748
3749
3750
3751
3755
3756
3757
3758
3759
3764
3765
3767
3770
3771
3774
3775
3776
3777
3779
3780
3781
3782
3787
3788
3790
3793
3796
3797
3800
3801
3804
3809
3811
3814
3815
3816
3818
3819
3821
3822
3825
3830
3833
3834
3838
3839
3843
3844
3846
3847
3850
3851
3854
3859
3865
3866
3871
3874
3875
3877
3879
3880
3881
3883
3886
3887
3890
3891
3893
3895
3897
3900
3901
3905
3906
3907
3908
3910
3914
3916
3918
3920
3921
3922
3923
3926
3929
3931
3933
3935
3937
3938
3941
3942
3961
3965
3968
3972
3974
3975
3978
3979
3982
3983
3988
3989
3992
3995
3996
3998
3999
4000
4003
4004
4005
4006
4008
4009
4010
4011
4012
4016
4018
4019
4021
4023
4024
4025
4026
4027
4028
4029
4032
4033
4034
4036
4037
4038
4040
4043
4044
4045
4046
4047
4048
4053
4054
4055
4058
4062
4063
4064
4065
4067
4069
4070
4071
4075
4076
4077
4078
4080
4081
4088
4089
4099
4100
4101
4103
4104
4105
4107
4108
4109
4110
4112
4114
4115
4116
4117
4119
4124
4128
4134
4136
4139
4140
4142
4143
4144
4145
4147
4149
4150
4151
4154
4155
4156
4159
4160
4161
4168
4170
4172
4177
4180
4182
4183
4186
4190
4192
4193
4198
4199
4200
4202
4204
4211
4214
4215
4217
4218
4219
4221
4222
4224
4226
4228
4229
4231
4235
4236
4239
4246
4248
4249
4253
4254
4258
4259
4260
4261
4262
4264
4270
4271
4273
4275
4277
4278
4280
4282
4283
4287
4292
4293
4294
4296
4301
4302
4303
4305
4310
4311
4314
4315
4319
4320
4323
4324
4326
4330
4331
4334
4335
4338
4339
4341
4344
4345
4348
4349
4350
4356
4357
4359
4360
4362
4365
4366
4368
4374
4375
4376
4377
4380
4382
4383
4386
4389
4390
4394
4396
4398
4400
4403
4409
4411
4412
4414
4418
4420
4421
4422
4424
4425
4426
4427
4429
4433
4435
4438
4442
4444
4448
4449
4450
4451
4453
4454
4455
4457
4458
4459
4460
4461
4463
4465
4466
4469
4470
4471
4472
4473
4474
4475
4476
4477
4478
4481
4482
4483
4487
4490
4493
4494
4495
4496
4498
4501
4502
4504
4505
4506
4508
4512
4516
4518
4519
4523
4526
4528
4529
4532
4534
4535
4537
4542
4543
4545
4547
4549
4550
4551
4553
4556
4557
4559
4560
4564
4565
4566
4567
4568
4569
4570
4572
4573
4574
4577
4578
4583
4584
4585
4587
4589
4591
4593
4603
4605
4606
4610
4612
4614
4615
4616
4619
4622
4624
4626
4627
4628
4630
4631
4635
4636
4637
4639
4641
4644
4645
4647
4652
4653
4658
4661
4662
4664
4666
4668
4669
4670
4671
4672
4678
4679
4680
4681
4682
4683
4684
4685
4686
4687
4688
4690
4691
4692
4694
4695
4696
4698
4700
4702
4703
4707
4708
4709
4713
4715
4716
4718
4719
4721
4724
4725
4726
4727
4728
4732
4734
4735
4736
4739
4742
4744
4745
4747
4749
4750
4751
4752
4753
4755
4757
4758
4759
4764
4765
4766
4767
4769
4770
4771
4773
4774
4775
4776
4777
4778
4781
4783
4785
4786
4787
4788
4789
4792
4795
4796
4798
4800
4801
4806
4808
4809
4810
4813
4817
4818
4823
4824
4825
4826
4829
4830
4831
4832
4833
4834
4835
4836
4838
4839
4842
4843
4844
4850
4851
4852
4853
4854
4858
4859
4860
4861
4863
4866
4869
4870
4872
4874
4875
4876
4877
4878
4880
4881
4882
4884
4885
4889
4892
4893
4894
4898
4900
4901
4902
4905
4906
4907
4909
4913
4919
4920
4929
4931
4932
4933
4934
4936
4937
4939
4940
4941
4942
4943
4944
4946
4948
4950
4951
4954
4961
4963
4964
4965
4967
4968
4969
4971
4972
4973
4974
4977
4978
4980
4981
4982
4984
4987
4988
4992
4993
4995
4997
4998
