2326
2349
473
197
2178
3176
3527
4822
5911
7024
6638
4677
6371
863
2904
5346
7233
481
7793
1268
5238
5395
4265
8107
3807
4707
4588
2889
7123
2532
6552
5963
3951
1506
8079
7220
4329
1432
4575
7806
6203
5375
1140
304
5348
7169
3566
2592
3210
4623
7986
4088
866
615
4112
3293
7084
789
6470
6960
7441
4749
2103
3786
5090
4787
8087
1113
2167
7335
587
4248
4821
3805
4728
7993
6693
1245
409
3560
493
2429
6130
2401
3826
1438
1369
7097
984
2371
2873
7428
3110
991
6906
3327
1107
6907
5657
577
3300
2514
2460
1977
871
3484
7788
3773
935
1948
439
3897
4780
4071
4116
4515
3602
4581
274
6770
6396
758
782
1872
1793
2968
1208
7514
3741
3201
2910
4043
4448
6115
1679
3780
4933
3119
1660
418
2190
807
84
2355
2216
4488
1122
4745
367
3017
689
4212
2615
8089
3696
7213
519
4235
2555
7166
5662
153
1851
7033
7638
2853
1727
7246
4604
983
89
6322
78
7006
3835
6323
2669
4484
4183
1840
4353
7987
1526
6250
2849
2159
6333
2018
7143
1190
486
4750
2880
6546
1511
3363
5886
3226
3960
7025
6961
8033
843
6641
226
4888
7592
7518
3608
7463
4037
5193
3950
5957
2766
6136
2491
1050
740
4494
4294
6955
1599
2372
6534
7003
6469
446
861
2724
252
1937
1241
3858
685
7038
2887
2903
1615
119
500
2250
2545
3732
4713
3695
7183
1756
6129
5324
6954
8149
130
6292
6963
1076
4459
4204
4580
4960
5357
972
2614
4390
7783
1496
8173
5110
7905
4174
2536
451
4451
5182
3475
6338
5018
5446
3046
5302
3968
1647
6992
4249
7454
1246
4532
1339
7819
575
3923
4247
92
1935
147
6476
1889
7437
5338
7699
3844
6622
520
1818
262
1752
5914
5419
2782
1525
4667
4409
3956
2534
3266
454
2585
2025
4805
2281
4692
5560
2246
2959
7048
555
6905
1243
99
5797
4322
4767
4190
5572
8179
342
1686
563
5138
207
2444
3418
423
6873
2294
7197
5371
465
2696
6382
4243
3102
2912
6119
5445
7648
5813
3498
1995
3162
505
4083
4290
5803
192
1775
4660
1495
3000
4613
1043
8008
7757
2297
2537
2758
7332
3723
4095
4397
3869
31
1604
3
19
5499
2400
6866
4953
3146
5783
5137
11
6295
2596
2652
2308
5462
4927
5362
2010
1251
4969
1732
2165
3847
1884
6551
7920
828
2727
4576
7656
6948
6070
4067
6461
6780
4556
2868
4501
8086
8077
6375
2864
2776
4721
1461
1662
3697
3420
2926
887
5677
2620
4085
4751
407
1357
4618
6537
4229
1766
5054
5644
889
2752
7073
3404
4870
1152
3059
6515
7014
7298
247
3455
4743
2075
978
4862
2352
210
751
2940
7999
2279
727
1456
5729
5401
7236
2283
1661
7279
580
4155
5055
5568
233
6681
1824
319
4878
6620
314
2601
2714
4131
1837
6173
2750
942
784
1280
2084
6676
279
5517
2440
4017
6086
3252
7895
870
3529
4557
4171
1759
6645
3259
3683
3437
221
6682
2186
7280
839
2517
4081
4562
7772
6967
410
3944
3273
7017
3477
7721
6288
4859
7225
1842
7125
5519
687
2313
1723
1947
4193
4166
5146
6091
5230
3190
5526
4505
1833
688
4700
7778
2110
708
5955
2441
8014
6153
2764
766
3381
963
5425
7154
4125
1893
2387
5597
7564
6657
5006
5475
7112
8072
1440
5257
6064
5606
4827
6328
5020
3480
3822
7929
5457
5040
5631
3093
7826
2107
326
7069
7513
6049
5998
2602
3716
2550
5629
415
6418
2927
1593
3754
2052
1817
4066
6917
1483
2142
4045
5829
6664
1867
6089
7483
7630
7686
595
8114
2821
53
3496
5105
6135
6374
4168
8095
7228
6941
4293
5974
5544
5959
2827
6152
8175
6325
374
699
7481
4847
7595
3616
6694
8108
2403
1070
1564
1960
1574
7010
2701
5689
1567
6921
71
1547
647
7989
3842
1787
8038
1645
997
5373
6048
3730
392
2554
6847
6810
7581
5962
4994
3701
264
3044
2680
4061
7508
834
7190
4496
2631
674
6912
7584
2271
1226
7813
7427
2667
6196
4563
6399
5064
3130
5675
2132
2605
6043
6000
5366
4875
4445
2716
434
1248
4826
2223
3640
974
3128
5948
4361
7390
2412
8070
5918
7252
3150
5770
5762
2780
1912
6856
1658
4918
3778
5738
2781
5758
4434
5960
322
242
6457
3656
2748
3127
4094
764
5114
2449
6520
7931
4435
2668
2086
4952
56
6999
6141
6496
91
5635
1270
7822
1572
4430
7136
6667
5939
7067
2609
1018
3385
5144
6865
5226
6735
6829
6525
7850
2797
2837
5679
5901
2814
2181
7011
7569
5239
3540
3187
6679
1065
553
2800
6753
2340
5484
4297
5942
1914
6827
5125
1610
72
6100
6574
3945
7444
7317
4042
4226
2594
3286
7050
6120
7776
4516
6975
6923
7257
4967
3648
4684
7032
1155
2593
3684
7821
3265
4
7941
4386
5678
7507
495
5731
1046
4600
1868
1165
1114
7445
1706
6156
6139
7954
7478
6376
6222
6752
1474
4203
6855
420
5555
7567
4733
1955
2746
7832
5470
3882
77
5003
7536
6783
2009
3841
1001
1874
5091
630
2365
7120
3395
6557
6573
4257
2857
68
4802
1213
4648
120
1105
369
3379
480
1178
5816
2691
7988
6932
3261
989
6928
891
4716
2994
4675
7304
7879
769
926
4845
3713
2475
4449
3694
5489
6082
2277
3576
7412
4126
2125
2466
7407
3450
6416
3760
3459
218
4418
8154
2432
5271
125
3122
3387
3002
1607
3797
3976
8088
7626
7118
46
6481
4255
4739
5397
5243
5599
2238
1430
4303
4117
170
513
4882
1880
922
2639
5612
6313
3756
4399
2344
3859
5474
2989
5026
7417
3243
752
6673
7768
638
5074
8090
7443
2838
7207
869
5408
6501
417
5154
3084
7619
5304
1073
831
5016
2740
3738
1273
3934
7585
476
7666
2144
5246
5578
4637
6126
2697
391
3336
5435
2343
3700
4341
7974
1435
993
6329
3426
4402
3894
7572
4530
2918
3080
803
4344
750
6040
7769
290
337
5347
5925
6578
6324
4961
1002
3546
2275
2983
7059
4474
6798
4974
6425
5036
3979
2381
3434
3009
393
2199
3043
3125
7549
1412
7013
1422
4146
5219
1024
1209
2524
2269
4384
6817
5636
2848
2244
2424
5651
661
5593
5301
6985
2603
2376
5417
6395
4817
3378
2759
4963
6212
462
915
8166
3362
7274
7133
2045
5833
1632
1458
2221
7177
5590
5158
6756
113
6367
1796
4898
5727
7023
3528
5087
7950
7781
8029
5039
1628
3172
1582
7292
3916
488
3870
4283
2479
2913
3587
3804
1532
872
1606
7393
2373
3291
5982
4210
3324
6513
618
7004
1391
700
8076
4533
2019
4330
5103
5737
3825
2516
1976
2150
578
999
6754
161
5094
898
1834
5142
6731
191
3840
7820
3555
7712
1356
6061
7644
249
7344
2369
1968
5477
4465
4325
6109
2367
4009
2920
6857
1110
7429
1427
6511
3613
6713
7047
4682
4521
1832
7134
3357
5222
1579
1873
8004
1671
103
3232
682
3564
202
1022
7583
7596
4965
2210
3720
4599
7321
4433
8182
1931
6460
7306
2078
6512
1788
3063
4310
3511
5169
5725
5562
2061
4663
6808
4306
2815
6405
7031
6627
6384
3234
5330
4535
6224
626
986
2026
238
2423
7122
5802
3164
3585
586
5826
2841
4097
5472
4559
4553
5947
8005
7520
2743
923
594
6601
5552
7314
2728
5299
4972
2043
7237
3151
7554
7153
2170
3377
2590
3159
4597
712
6296
6650
5715
1902
22
7416
4141
6717
3685
517
5313
4577
4382
4914
894
1800
4414
7958
3351
6344
7370
162
3781
6507
7000
250
7261
6832
4756
1274
60
431
5438
1148
1811
4538
4931
7368
2053
2207
4935
5481
7172
3135
5953
2402
1906
931
2950
1301
3216
6642
1603
5854
607
6854
1468
4106
4140
4508
907
4135
2861
6945
1197
5199
109
2742
4162
6940
5325
1037
6805
4796
6071
5910
4606
2254
2772
2901
2960
2414
6630
1672
858
2760
4970
1534
5377
3328
6795
7667
5097
3796
3445
2802
3708
3198
7366
3625
1314
5077
3675
5987
349
7271
1949
1839
5440
7510
6544
4783
6215
5877
786
5642
4176
5492
1389
1922
6585
6980
4754
6742
5447
4539
4861
4738
4905
4431
2990
4837
4734
3211
7203
2099
1265
6936
8024
7883
5591
941
2972
7732
1638
4029
1719
1630
5583
5740
1942
5056
6094
7680
6494
3196
6456
4774
548
778
6894
321
5201
7697
5895
916
3466
564
6033
42
7269
3220
665
559
7560
7901
23
1302
7610
4000
3789
5254
7402
98
3502
7756
534
992
7724
6024
805
7272
6262
7432
254
7346
4890
2485
8102
5890
5881
1174
5121
3473
1575
284
2339
3508
7171
8167
4206
7576
2527
160
4354
2497
3301
277
3114
7966
4153
33
7060
7528
3624
2430
5549
4714
5784
2360
5550
4063
1203
1726
7898
2833
7613
2054
7545
3307
2579
5071
5339
6532
6392
6652
7979
3354
5180
591
6892
5579
1648
4323
8013
4180
1186
7562
258
6145
4673
3250
245
3598
5709
2501
2599
7188
8018
3626
7043
3959
1703
3436
5385
695
3591
4518
6433
5528
117
6098
76
425
1047
4428
653
6666
3386
4917
3517
529
3627
1565
2035
3757
6248
5739
5143
4567
1701
7881
528
110
6181
7259
3630
363
2264
3024
6247
43
6946
1066
2095
5971
3076
1939
6686
6131
1264
6821
3244
5786
2111
4891
2515
1551
1778
4664
6714
5327
6577
448
5764
1239
5753
3712
1765
7405
3747
1919
146
6208
2863
7044
5316
4115
204
8002
5160
616
5671
6831
6586
2185
2152
8159
5436
3015
2421
6806
3231
666
6265
1878
2685
5072
1064
366
4899
6383
7675
964
7548
6050
970
6128