2
5
6
14
15
16
17
18
20
22
23
24
29
36
42
48
49
51
54
59
61
63
65
66
72
74
77
80
82
85
87
89
92
94
95
96
105
106
108
111
119
120
122
123
132
134
138
146
147
148
149
159
160
162
166
167
171
180
193
195
200
211
219
220
224
227
228
231
246
248
258
259
261
264
265
272
274
280
281
293
294
301
306
311
312
314
316
317
320
321
330
331
336
337
341
342
343
348
359
360
361
364
366
369
374
375
376
378
381
396
401
404
410
413
415
416
418
422
433
434
435
441
444
456
471
472
473
480
484
485
486
489
493
494
496
499
500
504
507
514
516
525
532
551
554
556
558
561
564
565
577
583
584
587
588
589
600
603
608
614
616
622
629
633
639
642
647
651
652
655
662
668
670
672
674
680
684
690
692
693
695
696
700
703
705
710
711
715
718
722
724
726
728
731
733
744
745
757
760
761
766
770
774
777
778
779
792
794
795
798
814
815
816
817
818
821
824
827
833
834
836
837
844
850
851
857
862
863
864
865
873
874
878
881
887
892
893
894
902
905
906
913
916
925
929
933
936
945
946
957
958
959
967
971
972
974
976
977
982
983
984
996
1005
1008
1025
1026
1027
1030
1032
1036
1037
1038
1039
1048
1053
1063
1064
1067
1070
1075
1078
1081
1089
1092
1094
1097
1101
1102
1103
1105
1106
1107
1108
1116
1122
1123
1128
1130
1133
1139
1140
1146
1151
1161
1163
1171
1172
1174
1175
1177
1178
1189
1192
1201
1203
1204
1207
1208
1209
1215
1218
1220
1221
1225
1228
1230
1231
1232
1243
1249
1254
1259
1265
1266
1276
1278
1285
1292
1300
1301
1305
1310
1315
1318
1328
1334
1337
1339
1340
1341
1342
1344
1345
1352
1356
1366
1373
1375
1377
1384
1387
1389
1391
1402
1406
1407
1408
1409
1410
1415
1416
1420
1423
1425
1426
1433
1437
1449
1451
1452
1453
1460
1463
1476
1479
1490
1491
1492
1498
1501
1508
1511
1513
1520
1536
1537
1545
1557
1561
1565
1570
1572
1573
1581
1583
1585
1586
1589
1591
1592
1598
1602
1603
1607
1610
1611
1614
1617
1618
1626
1629
1630
1636
1637
1646
1655
1662
1663
1664
1665
1667
1668
1669
1670
1677
1682
1694
1711
1712
1715
1717
1718
1723
1726
1727
1739
1741
1745
1746
1750
1755
1757
1758
1762
1763
1765
1766
1767
1769
1772
1773
1780
1793
1797
1799
1803
1806
1817
1820
1824
1825
1829
1835
1844
1846
1861
1862
1867
1873
1878
1879
1883
1884
1886
1890
1892
1897
1898
1899
1904
1906
1908
1911
1912
1913
1922
1925
1926
1928
1935
1938
1941
1945
1946
1948
1952
1953
1965
1968
1979
1980
1983
1984
1985
1993
1996
1997
1998
2000
2001
2002
2004
2006
2008
2017
2020
2022
2027
2030
2031
2035
2036
2040
2044
2045
2047
2048
2051
2052
2053
2058
2059
2060
2067
2074
2075
2077
2078
2079
2081
2082
2087
2090
2094
2102
2108
2110
2120
2123
2126
2127
2129
2135
2136
2138
2140
2141
2146
2147
2152
2165
2183
2184
2185
2191
2192
2199
2200
2213
2215
2223
2230
2242
2243
2250
2256
2257
2259
2262
2267
2271
2274
2275
2282
2283
2284
2291
2298
2300
2304
2309
2311
2314
2318
2319
2326
2331
2337
2338
2346
2348
2350
2352
2357
2358
2359
2360
2368
2374
2381
2384
2388
2390
2391
2393
2397
2398
2407
2414
2415
2416
2418
2419
2422
2426
2427
2430
2431
2432
2445
2456
2458
2464
2465
2471
2472
2475
2478
2480
2483
2484
2486
2488
2490
2493
2496
2499
2507
2508
2515
2519
2522
2523
2527
2528
2530
2534
2535
2536
2537
2539
2540
2548
2551
2555
2558
2559
2562
2565
2566
2568
2569
2578
2581
2585
2594
2598
2599
2609
2615
2617
2626
2631
2635
2638
2647
2648
2655
2671
2674
2684
2688
2693
2694
2696
2700
2702
2704
2714
2720
2721
2724
2733
2736
2739
2741
2747
2749
2751
2752
2753
2758
2773
2774
2775
2782
2783
2786
2793
2798
2799
2802
2806
2814
2817
2824
2830
2836
2837
2839
2840
2843
2846
2847
2850
2852
2866
2867
2879
2887
2889
2892
2895
2898
2906
2910
2911
2913
2914
2918
2919
2929
2932
2935
2939
2943
2947
2949
2952
2955
2960
2964
2973
2974
2975
2976
2982
2986
2987
2991
3003
3005
3012
3016
3029
3032
3037
3041
3043
3047
3050
3053
3062
3066
3069
3070
3071
3077
3078
3081
3082
3085
3096
3097
3102
3104
3115
3116
3117
3122
3134
3138
3146
3148
3153
3157
3158
3159
3160
3161
3163
3164
3165
3166
3168
3169
3171
3173
3174
3178
3181
3184
3186
3189
3191
3192
3194
3201
3204
3213
3220
3231
3232
3233
3237
3239
3243
3244
3256
3259
3260
3261
3263
3266
3272
3286
3287
3295
3297
3299
3302
3307
3312
3313
3322
3323
3324
3328
3341
3344
3357
3360
3374
3375
3377
3379
3382
3387
3388
3390
3397
3402
3407
3412
3416
3417
3418
3419
3422
3423
3425
3426
3432
3435
3436
3438
3439
3441
3452
3456
3462
3465
3466
3467
3468
3469
3470
3471
3477
3479
3484
3485
3486
3487
3488
3491
3497
3501
3506
3507
3509
3514
3518
3523
3525
3533
3534
3545
3563
3564
3565
3569
3572
3579
3582
3584
3585
3594
3595
3597
3601
3605
3606
3621
3622
3623
3626
3627
3633
3638
3639
3643
3646
3648
3649
3650
3653
3658
3660
3663
3666
3673
3675
3677
3681
3685
3689
3692
3701
3704
3706
3707
3710
3712
3719
3721
3724
3726
3728
3729
3732
3734
3736
3739
3745
3754
3756
3757
3767
3770
3771
3776
3777
3790
3800
3801
3809
3815
3816
3818
3825
3832
3833
3836
3838
3843
3844
3848
3851
3854
3861
3870
3871
3875
3879
3880
3881
3883
3890
3893
3894
3901
3905
3910
3911
3915
3919
3921
3922
3923
3929
3935
3938
3949
3955
3961
3965
3974
3975
3986
3988
3989
4001
4004
4006
4008
4011
4025
4026
4029
4034
4036
4038
4040
4043
4045
4047
4048
4058
4065
4067
4076
4078
4080
4081
4090
4100
4103
4106
4110
4116
4122
4126
4127
4128
4132
4134
4137
4139
4143
4145
4147
4149
4150
4151
4170
4171
4173
4174
4177
4179
4180
4183
4188
4190
4192
4193
4202
4204
4205
4214
4215
4217
4219
4222
4224
4226
4228
4231
4239
4245
4253
4254
4258
4262
4264
4267
4270
4273
4275
4277
4278
4293
4299
4301
4302
4303
4305
4314
4317
4319
4325
4329
4331
4334
4344
4347
4349
4350
4365
4369
4372
4373
4383
4388
4400
4416
4421
4422
4424
4426
4433
4435
4437
4438
4442
4444
4449
4451
4454
4455
4458
4459
4460
4461
4463
4465
4466
4470
4471
4473
4475
4478
4487
4496
4502
4508
4512
4518
4524
4526
4529
4532
4541
4543
4549
4551
4553
4557
4563
4565
4569
4573
4577
4578
4583
4584
4588
4589
4591
4598
4603
4605
4610
4612
4619
4622
4635
4637
4641
4644
4645
4653
4656
4658
4660
4661
4664
4666
4668
4670
4680
4686
4690
4694
4697
4699
4700
4701
4707
4709
4712
4718
4722
4726
4727
4728
4735
4736
4742
4747
4749
4750
4751
4755
4756
4757
4759
4770
4774
4775
4776
4781
4787
4789
4794
4798
4800
4801
4804
4806
4813
4815
4817
4823
4830
4831
4832
4834
4836
4838
4839
4841
4844
4847
4850
4853
4866
4868
4872
4875
4877
4880
4881
4884
4889
4892
4894
4901
4907
4908
4909
4911
4914
4919
4931
4932
4933
4939
4941
4944
4946
4950
4961
4964
4971
4973
4977
4978
4980
4981
4982
4984
4987
4997
