4
5
6
8
9
10
11
13
21
25
26
27
28
31
32
33
34
38
40
41
43
48
50
51
52
54
55
56
59
63
64
65
67
69
70
71
72
73
74
75
81
82
87
89
90
91
96
97
99
101
103
104
106
107
111
113
116
117
118
119
121
123
124
126
127
128
129
133
134
140
142
143
146
152
153
154
157
160
163
164
167
172
175
176
177
178
180
181
182
183
184
185
186
189
191
193
195
197
198
199
200
201
202
205
207
208
210
211
212
213
215
217
218
220
222
223
226
227
228
229
230
232
233
234
237
238
240
241
242
245
252
253
254
255
257
259
261
262
263
265
266
268
270
271
276
278
279
280
281
283
285
287
289
290
291
295
296
297
300
302
306
309
311
312
313
315
316
317
321
325
326
327
328
329
333
336
337
338
340
341
343
344
346
347
349
350
351
352
354
355
356
358
362
364
366
370
372
373
380
381
382
384
385
388
391
392
397
398
399
400
402
403
406
407
408
409
410
411
413
417
419
420
422
426
427
428
429
430
431
432
433
434
438
440
441
445
446
448
449
453
457
458
460
461
462
463
464
465
466
467
473
474
476
479
482
483
484
485
486
487
488
490
491
492
493
494
497
500
501
505
508
509
510
511
514
517
519
521
522
523
524
526
529
531
532
534
535
536
537
538
541
544
547
549
552
554
558
562
563
564
568
569
570
571
574
575
577
578
582
583
584
585
587
589
590
592
593
595
599
601
604
605
606
610
612
615
616
617
618
619
623
624
626
627
628
630
632
634
635
636
638
639
640
641
643
644
646
647
648
649
650
653
654
656
657
658
660
665
668
669
670
671
673
674
675
676
678
679
680
682
683
685
687
691
693
694
695
698
702
705
707
708
709
711
714
715
717
721
723
726
731
732
734
736
737
738
739
741
742
745
749
750
752
754
755
756
757
761
762
763
764
765
768
771
772
773
774
775
776
778
779
780
781
785
787
789
797
798
799
800
802
803
804
805
807
810
811
812
813
814
815
818
821
826
828
829
832
835
840
841
842
843
844
845
846
848
849
852
853
855
856
857
859
861
866
867
868
869
870
871
873
875
877
878
879
880
883
887
889
890
891
895
896
897
899
900
902
903
906
907
909
910
911
912
913
914
915
917
918
919
921
924
928
930
931
934
935
937
938
939
940
941
942
943
947
948
949
951
952
953
954
959
962
964
970
971
976
978
981
983
985
987
991
992
997
998
1003
1004
1006
1007
1009
1010
1011
1012
1016
1017
1018
1022
1025
1027
1028
1031
1032
1033
1034
1036
1040
1041
1042
1045
1047
1048
1050
1052
1054
1057
1058
1061
1064
1068
1069
1070
1073
1075
1079
1080
1081
1082
1083
1085
1087
1090
1091
1093
1095
1096
1098
1099
1101
1104
1107
1108
1110
1117
1118
1119
1120
1121
1123
1124
1125
1127
1129
1130
1133
1135
1137
1138
1139
1140
1142
1143
1144
1145
1148
1150
1152
1153
1154
1156
1157
1158
1159
1164
1169
1170
1171
1173
1176
1177
1178
1180
1182
1183
1185
1187
1188
1190
1191
1192
1193
1194
1198
1199
1201
1204
1205
1206
1209
1210
1211
1213
1215
1216
1217
1218
1220
1224
1225
1226
1227
1229
1233
1234
1237
1240
1241
1242
1243
1245
1246
1247
1248
1249
1250
1251
1253
1255
1256
1261
1264
1266
1267
1269
1272
1273
1274
1275
1277
1278
1279
1280
1281
1284
1286
1289
1290
1291
1292
1293
1294
1295
1298
1301
1302
1303
1304
1305
1308
1311
1313
1314
1316
1319
1322
1324
1326
1330
1331
1333
1334
1337
1342
1343
1344
1346
1348
1351
1353
1355
1358
1359
1360
1361
1363
1365
1368
1370
1373
1374
1375
1376
1377
1379
1380
1381
1382
1383
1388
1390
1393
1394
1397
1399
1400
1401
1402
1404
1408
1410
1412
1413
1414
1417
1418
1419
1420
1425
1429
1430
1431
1433
1435
1436
1437
1438
1439
1440
1442
1444
1446
1448
1450
1451
1452
1453
1454
1456
1458
1459
1461
1465
1466
1467
1468
1470
1471
1472
1473
1474
1475
1476
1480
1482
1483
1487
1489
1491
1493
1496
1497
1498
1499
1501
1502
1503
1504
1505
1506
1507
1513
1514
1517
1518
1521
1523
1524
1525
1528
1529
1531
1532
1533
1534
1536
1538
1541
1542
1543
1546
1547
1550
1552
1554
1556
1561
1563
1564
1567
1568
1569
1576
1577
1579
1581
1583
1584
1586
1587
1588
1593
1594
1595
1596
1597
1599
1600
1601
1604
1605
1608
1609
1610
1615
1617
1622
1623
1624
1625
1626
1628
1629
1630
1632
1633
1635
1636
1638
1640
1641
1642
1643
1644
1645
1651
1652
1653
1654
1658
1659
1662
1664
1665
1672
1673
1674
1676
1677
1679
1680
1683
1684
1685
1686
1687
1688
1690
1691
1693
1694
1696
1697
1699
1700
1701
1703
1704
1706
1707
1709
1710
1712
1713
1717
1720
1723
1724
1725
1726
1727
1728
1729
1730
1731
1732
1734
1736
1737
1738
1739
1740
1742
1743
1744
1746
1749
1751
1752
1753
1755
1756
1762
1763
1765
1766
1767
1768
1771
1773
1774
1776
1779
1780
1782
1784
1785
1794
1796
1800
1801
1802
1804
1805
1806
1807
1808
1810
1811
1813
1814
1818
1819
1822
1823
1826
1827
1828
1829
1830
1831
1834
1837
1839
1840
1841
1842
1843
1844
1845
1847
1848
1849
1850
1851
1852
1853
1855
1856
1857
1858
1859
1863
1864
1865
1866
1868
1869
1870
1871
1872
1877
1878
1881
1885
1887
1888
1890
1891
1893
1894
1896
1898
1900
1901
1902
1903
1904
1905
1907
1914
1915
1916
1917
1921
1924
1925
1927
1929
1931
1932
1934
1936
1937
1938
1939
1940
1944
1947
1949
1951
1952
1954
1955
1957
1958
1959
1961
1962
1964
1965
1969
1970
1971
1972
1973
1975
1976
1978
1979
1980
1981
1982
1986
1987
1989
1994
1995
1996
1998
2000
2002
2004
2005
2006
2008
2009
2012
2013
2015
2019
2022
2023
2026
2029
2034
2036
2043
2044
2045
2048
2049
2050
2051
2054
2056
2062
2064
2065
2067
2069
2070
2071
2074
2078
2080
2081
2083
2085
2086
2093
2096
2097
2099
2101
2102
2106
2107
2109
2111
2112
2113
2114
2115
2117
2118
2122
2123
2124
2126
2127
2131
2132
2133
2135
2140
2142
2143
2145
2146
2150
2152
2154
2156
2157
2159
2162
2164
2166
2168
2169
2170
2171
2173
2175
2181
2182
2183
2184
2186
2187
2191
2194
2196
2197
2198
2199
2202
2204
2206
2209
2210
2212
2213
2218
2219
2220
2221
2228
2229
2230
2231
2232
2236
2237
2238
2239
2241
2244
2245
2250
2251
2252
2253
2254
2255
2259
2261
2263
2264
2265
2266
2267
2269
2270
2271
2272
2273
2275
2277
2278
2280
2286
2287
2288
2291
2292
2294
2295
2297
2303
2305
2308
2310
2311
2312
2313
2314
2316
2317
2318
2321
2322
2325
2329
2330
2332
2334
2335
2336
2340
2342
2343
2344
2345
2347
2348
2349
2350
2351
2352
2354
2355
2356
2361
2362
2363
2367
2369
2372
2373
2374
2375
2376
2377
2378
2381
2382
2384
2386
2388
2389
2390
2392
2394
2395
2397
2399
2401
2402
2404
2406
2407
2408
2410
2412
2413
2414
2415
2418
2420
2422
2424
2425
2428
2437
2438
2441
2442
2443
2444
2445
2446
2447
2450
2452
2453
2454
2455
2456
2459
2460
2461
2462
2463
2464
2465
2466
2467
2468
2469
2473
2474
2475
2476
2477
2478
2481
2484
2485
2486
2487
2489
2490
2492
2495
2497
2498
2501
2503
2504
2506
2508
2510
2511
2512
2514
2517
2520
2521
2526
2527
2528
2530
2531
2533
2535
2536
2538
2540
2541
2543
2544
2545
2546
2549
2551
2552
2553
2555
2556
2558
2559
2561
2564
2567
2568
2569
2570
2571
2572
2573
2574
2575
2578
2584
2589
2593
2594
2596
2599
2600
2602
2605
2606
2607
2608
2610
2614
2617
2619
2620
2623
2627
2628
2629
2634
2635
2636
2637
2641
2642
2645
2646
2649
2650
2651
2652
2653
2655
2657
2658
2659
2660
2661
2662
2664
2665
2666
2667
2670
2673
2675
2676
2677
2678
2680
2681
2682
2684
2685
2686
2689
2690
2691
2692
2693
2694
2695
2697
2701
2702
2704
2707
2708
2709
2710
2712
2713
2716
2719
2724
2725
2726
2727
2729
2731
2732
2736
2738
2741
2743
2747
2748
2749
2750
2751
2752
2754
2756
2757
2758
2759
2760
2761
2762
2763
2765
2766
2770
2772
2773
2778
2779
2780
2781
2783
2784
2786
2787
2788
2790
2792
2793
2794
2795
2797
2800
2802
2803
2804
2806
2807
2809
2810
2815
2816
2817
2819
2821
2825
2828
2831
2832
2833
2834
2835
2837
2838
2839
2840
2841
2842
2843
2844
2847
2848
2851
2852
2854
2855
2857
2859
2860
2863
2864
2865
2870
2872
2874
2876
2878
2880
2881
2882
2884
2890
2893
2895
2896
2897
2898
2899
2901
2902
2903
2905
2908
2911
2912
2913
2915
2916
2917
2921
2922
2927
2928
2930
2935
2937
2939
2940
2941
2942
2945
2946
2947
2950
2951
2953
2955
2956
2959
2962
2963
2965
2966
2967
2969
2970
2971
2972
2973
2975
2977
2978
2979
2980
2982
2983
2988
2989
2990
2992
2995
2996
3004
3006
3007
3008
3010
3014
3015
3017
3018
3019
3024
3025
3026
3027
3028
3029
3030
3031
3033
3035
3037
3038
3040
3042
3045
3046
3048
3051
3052
3054
3056
3057
3058
3061
3062
3063
3064
3068
3075
3076
3077
3078
3081
3082
3084
3085
3086
3087
3088
3089
3090
3092
3093
3094
3096
3098
3099
3100
3102
3105
3106
3108
3110
3112
3113
3114
3116
3117
3118
3119
3120
3121
3123
3124
3125
3126
3128
3129
3131
3132
3133
3134
3138
3139
3140
3141
3142
3143
3144
3147
3150
3151
3152
3155
3156
3158
3159
3161
3162
3166
3169
3170
3176
3177
3180
3181
3182
3183
3184
3186
3188
3189
3192
3194
3195
3197
3198
3200
3203
3205
3207
3208
3209
3211
3219
3220
3221
3222
3223
3228
3230
3233
3235
3238
3245
3247
3248
3249
3251
3252
3253
3255
3257
3261
3262
3264
3265
3267
3268
3269
3273
3276
3278
3279
3280
3281
3282
3283
3284
3289
3296
3297
3298
3299
3300
3301
3302
3303
3309
3310
3312
3315
3316
3319
3321
3322
3323
3325
3327
3328
3329
3330
3331
3332
3333
3334
3336
3337
3338
3340
3343
3344
3345
3346
3349
3350
3355
3356
3358
3359
3360
3362
3364
3365
3366
3369
3370
3373
3376
3378
3379
3380
3381
3383
3384
3386
3387
3388
3389
3390
3391
3392
3394
3395
3401
3402
3404
3408
3409
3411
3413
3416
3418
3420
3421
3423
3424
3425
3427
3428
3429
3430
3431
3432
3434
3435
3437
3438
3439
3442
3443
3444
3445
3447
3448
3452
3453
3454
3455
3458
3459
3460
3465
3466
3468
3471
3472
3473
3474
3476
3479
3481
3483
3484
3485
3488
3489
3490
3492
3494
3495
3496
3497
3499
3501
3502
3503
3504
3508
3510
3512
3513
3515
3517
3518
3519
3521
3522
3529
3530
3531
3532
3536
3537
3538
3539
3540
3541
3543
3544
3547
3548
3551
3552
3553
3554
3555
3559
3564
3566
3568
3570
3571
3572
3575
3576
3577
3578
3579
3583
3584
3586
3587
3588
3590
3592
3593
3595
3596
3597
3598
3600
3604
3608
3611
3614
3615
3618
3623
3625
3626
3629
3630
3633
3635
3637
3638
3641
3642
3649
3650
3653
3654
3655
3661
3662
3666
3667
3668
3670
3672
3674
3676
3678
3679
3681
3682
3685
3686
3687
3688
3694
3695
3696
3697
3702
3704
3706
3707
3708
3709
3710
3711
3714
3715
3716
3717
3718
3719
3720
3721
3724
3728
3730
3731
3732
3733
3734
3735
3736
3738
3741
3743
3745
3752
3755
3756
3758
3761
3762
3764
3765
3768
3772
3773
3776
3778
3779
3780
3781
3782
3783
3784
3786
3788
3789
3790
3791
3792
3796
3797
3799
3800
3802
3803
3804
3805
3806
3807
3810
3811
3815
3820
3823
3824
3826
3827
3828
3829
3835
3838
3839
3840
3842
3845
3846
3848
3850
3852
3853
3856
3857
3858
3860
3861
3862
3863
3866
3867
3868
3869
3873
3878
3880
3883
3884
3887
3888
3890
3891
3892
3893
3894
3899
3900
3902
3903
3904
3905
3909
3910
3911
3912
3913
3915
3918
3920
3924
3925
3926
3927
3928
3929
3931
3932
3933
3934
3936
3938
3939
3941
3942
3945
3946
3947
3948
3950
3951
3952
3953
3954
3955
3956
3957
3959
3960
3963
3964
3966
3967
3970
3973
3975
3976
3977
3978
3980
3981
3982
3984
3985
3990
3991
3992
3993
3994
3995
3997
3998
4000
4002
4004
4006
4009
4010
4012
4013
4014
4017
4018
4019
4020
4021
4027
4029
4030
4031
4033
4035
4036
4038
4042
4044
4046
4049
4052
4054
4056
4059
4061
4063
4071
4072
4073
4074
4075
4077
4079
4082
4083
4085
4087
4089
4091
4092
4093
4094
4095
4099
4100
4101
4103
4104
4108
4110
4111
4112
4114
4117
4120
4121
4122
4123
4124
4125
4127
4129
4130
4132
4133
4135
4137
4138
4141
4142
4143
4145
4149
4150
4153
4154
4155
4156
4159
4160
4161
4162
4164
4165
4166
4167
4170
4173
4175
4176
4177
4178
4181
4182
4184
4185
4186
4187
4189
4191
4193
4195
4196
4197
4199
4201
4202
4203
4205
4210
4211
4213
4221
4224
4225
4226
4227
4228
4229
4230
4234
4235
4237
4238
4239
4240
4241
4242
4243
4244
4245
4247
4248
4249
4251
4252
4254
4257
4259
4261
4263
4265
4266
4268
4271
4272
4273
4275
4280
4281
4285
4286
4289
4290
4291
4294
4295
4296
4297
4298
4300
4302
4303
4305
4307
4308
4309
4310
4312
4314
4315
4316
4318
4319
4321
4322
4323
4324
4326
4327
4328
4330
4332
4336
4337
4338
4339
4340
4341
4342
4345
4349
4352
4353
4354
4355
4356
4358
4359
4360
4361
4363
4364
4365
4366
4368
4372
4378
4379
4380
4381
4382
4384
4386
4388
4389
4390
4391
4395
4398
4400
4401
4402
4403
4404
4405
4407
4411
4416
4418
4419
4421
4423
4426
4427
4428
4429
4430
4432
4433
4434
4437
4439
4444
4445
4447
4448
4453
4454
4456
4457
4460
4461
4463
4467
4468
4469
4474
4475
4476
4477
4478
4479
4481
4483
4484
4486
4487
4490
4491
4492
4494
4495
4497
4498
4499
4500
4503
4507
4509
4510
4511
4517
4518
4519
4520
4522
4526
4527
4528
4530
4531
4532
4534
4535
4536
4539
4540
4544
4548
4549
4552
4553
4555
4556
4557
4558
4562
4564
4565
4566
4568
4569
4571
4572
4581
4584
4586
4587
4591
4594
4597
4602
4604
4606
4607
4608
4609
4613
4614
4616
4617
4619
4620
4623
4624
4626
4627
4628
4629
4631
4632
4633
4634
4636
4637
4638
4639
4640
4641
4643
4645
4649
4650
4651
4652
4654
4655
4656
4658
4659
4660
4661
4662
4665
4667
4668
4669
4670
4671
4673
4676
4677
4680
4681
4682
4683
4684
4685
4687
4688
4689
4690
4691
4692
4693
4696
4697
4698
4699
4702
4706
4707
4708
4710
4712
4715
4716
4717
4719
4721
4722
4723
4724
4727
4728
4732
4733
4735
4736
4738
4739
4742
4743
4745
4746
4747
4748
4752
4753
4754
4755
4757
4758
4762
4765
4766
4767
4768
4771
4772
4773
4775
4777
4778
4779
4780
4781
4782
4783
4784
4785
4786
4787
4790
4792
4793
4794
4795
4796
4799
4800
4801
4803
4806
4808
4812
4814
4815
4817
4818
4819
4820
4826
4827
4828
4829
4832
4836
4837
4839
4841
4842
4843
4845
4847
4848
4849
4853
4855
4856
4858
4859
4860
4861
4862
4863
4864
4867
4869
4870
4874
4875
4879
4880
4881
4883
4887
4889
4892
4895
4896
4897
4899
4902
4905
4906
4908
4909
4911
4912
4914
4915
4917
4918
4919
4920
4921
4922
4923
4924
4925
4928
4929
4931
4932
4933
4934
4936
4937
4941
4944
4947
4948
4951
4952
4957
4958
4959
4960
4961
4962
4963
4966
4967
4973
4974
4975
4976
4979
4982
4985
4986
4991
4994
4995
4998
4999
