13
38
50
136
172
184
209
252
289
312
340
391
398
437
465
468
478
490
496
541
549
570
598
637
647
688
721
726
819
859
872
938
1003
1106
1121
1152
1155
1218
1327
1348
1371
1417
1459
1482
1507
1525
1552
1639
1656
1677
1782
1816
1900
1940
1944
2010
2021
2077
2104
2109
2182
2222
2231
2392
2438
2466
2467
2490
2542
2591
2628
2661
2678
2762
2784
2809
2870
2872
2883
2913
2990
3088
3124
3127
3238
3261
3268
3270
3282
3291
3311
3343
3350
3469
3534
3570
3590
3608
3668
3669
3768
3788
3858
3859
3906
3942
4010
4012
4075
4112
4154
4221
4246
4260
4263
4309
4345
4386
4408
4411
4433
4456
4457
4554
4721
4732
4765
4788
4808
4826
4869
4874
4935
4939
