1
7
14
18
20
26
30
31
37
39
44
47
55
56
59
60
88
99
105
106
114
133
138
139
144
157
158
169
171
179
183
188
190
191
192
193
212
216
218
221
227
230
235
237
255
260
261
273
276
282
283
284
285
287
293
309
320
323
326
337
338
339
356
360
364
373
381
388
389
390
391
393
395
396
403
425
432
436
443
448
456
460
464
472
477
486
504
515
516
538
539
547
554
566
569
575
576
581
582
583
592
602
606
608
614
621
633
645
651
658
666
668
686
692
697
699
700
714
718
719
723
725
737
743
745
747
748
751
755
757
774
782
784
788
790
801
809
810
812
816
818
830
831
833
839
856
867
876
887
898
899
900
901
903
908
933
956
957
963
969
973
974
981
989
990
994
995
996
1002
1014
1025
1030
1037
1057
1067
1068
1073
1089
1092
1093
1097
1101
1103
1107
1118
1126
1132
1138
1174
1183
1187
1211
1220
1229
1235
1236
1238
1239
1243
1244
1252
1259
1267
1270
1271
1278
1293
1296
1307
1308
1311
1317
1326
1329
1337
1356
1359
1362
1366
1375
1378
1381
1387
1405
1409
1416
1426
1436
1450
1453
1458
1469
1476
1479
1498
1500
1510
1512
1516
1526
1564
1572
1578
1579
1601
1603
1606
1610
1613
1614
1620
1621
1622
1626
1627
1648
1650
1656
1660
1661
1662
1663
1666
1667
1670
1678
1681
1683
1696
1701
1703
1717
1719
1722
1727
1733
1735
1736
1745
1747
1749
1754
1756
1761
1771
1778
1781
1783
1784
1786
1787
1789
1799
1805
1814
1817
1820
1825
1832
1844
1846
1857
1860
1876
1883
1885
1887
1888
1891
1910
1914
1919
1923
1924
1930
1942
1943
1945
1950
1961
1966
1977
1984
1991
1997
2014
2016
2017
2020
2025
2026
2031
2038
2046
2050
2051
2055
2074
2090
2093
2095
2101
2103
2125
2127
2134
2135
2151
2172
2179
2188
2189
2193
2207
2208
2212
2214
2223
2224
2227
2233
2234
2235
2238
2240
2243
2256
2260
2279
2281
2283
2289
2291
2297
2319
2323
2330
2339
2340
2342
2354
2355
2363
2366
2368
2370
2376
2387
2391
2395
2396
2398
2405
2406
2407
2408
2419
2421
2423
2427
2436
2448
2468
2472
2482
2485
2486
2494
2513
2522
2527
2532
2539
2546
2548
2554
2559
2564
2566
2567
2587
2595
2615
2616
2624
2625
2631
2633
2640
2645
2663
2668
2671
2673
2679
2687
2688
2691
2695
2711
2721
2724
2727
2755
2761
2774
2777
2785
2792
2797
2814
2817
2839
2840
2851
2856
2862
2865
2873
2879
2883
2888
2891
2893
2904
2909
2916
2920
2923
2924
2934
2935
2936
2942
2943
2947
2949
2956
2957
2961
2991
2993
2994
3000
3001
3008
3013
3027
3036
3038
3041
3072
3077
3079
3081
3082
3091
3097
3101
3116
3138
3146
3149
3157
3166
3170
3174
3177
3178
3180
3187
3190
3199
3200
3215
3227
3239
3246
3259
3263
3272
3274
3277
3299
3300
3308
3319
3326
3343
3344
3353
3361
3375
3377
3387
3388
3390
3410
3446
3448
3457
3461
3467
3468
3471
3497
3498
3499
3500
3501
3509
3511
3515
3516
3522
3524
3538
3550
3557
3560
3564
3569
3574
3589
3591
3606
3624
3625
3631
3643
3671
3686
3699
3700
3705
3706
3708
3710
3713
3738
3743
3744
3745
3746
3748
3751
3753
3756
3775
3782
3787
3804
3808
3814
3815
3818
3819
3831
3844
3850
3852
3864
3865
3874
3879
3881
3883
3886
3891
3892
3894
3900
3901
3902
3908
3913
3914
3916
3920
3921
3922
3941
3960
3962
3972
3980
3983
4004
4006
4015
4017
4019
4028
4030
4032
4036
4040
4041
4043
4044
4045
4046
4051
4053
4068
4069
4070
4071
4083
4099
4102
4103
4104
4105
4109
4117
4119
4126
4128
4131
4147
4148
4158
4160
4165
4169
4170
4172
4186
4193
4201
4207
4209
4214
4220
4224
4233
4253
4254
4258
4262
4264
4271
4274
4277
4280
4288
4306
4310
4329
4330
4331
4334
4339
4344
4346
4357
4360
4367
4372
4384
4389
4400
4410
4412
4418
4448
4454
4458
4464
4469
4474
4477
4483
4488
4490
4494
4498
4505
4516
4524
4542
4550
4559
4568
4573
4574
4577
4578
4585
4587
4596
4599
4604
4610
4630
4631
4635
4639
4642
4653
4660
4674
4679
4685
4689
4690
4694
4695
4698
4699
4700
4705
4713
4725
4726
4750
4752
4755
4758
4761
4764
4768
4774
4776
4777
4783
4786
4791
4794
4802
4817
4821
4824
4825
4827
4833
4836
4851
4854
4861
4866
4870
4875
4882
4884
4892
4896
4898
4905
4907
4927
4932
4933
4940
4945
4951
4972
4980
4984
4988
4993
4997
4998
