2
5
17
19
20
23
24
31
44
48
49
51
54
57
58
61
74
77
78
80
85
89
90
94
96
103
105
106
122
123
126
134
137
146
147
148
150
159
160
162
180
194
195
197
200
204
211
219
220
228
235
236
243
248
258
264
269
274
293
301
312
317
322
348
350
361
369
370
374
376
378
381
404
410
414
416
430
433
435
442
455
456
462
471
472
477
480
481
484
486
489
494
496
499
516
520
522
526
550
554
556
561
564
565
577
583
584
586
587
588
600
613
615
616
620
622
633
639
642
647
648
652
668
670
671
672
674
680
684
690
692
698
710
712
718
724
726
728
744
765
770
774
779
784
794
795
796
818
821
826
827
833
836
851
857
864
865
886
893
894
899
902
906
916
929
933
945
963
972
974
977
982
983
1005
1008
1011
1015
1025
1026
1027
1032
1034
1036
1037
1038
1049
1051
1063
1064
1067
1068
1072
1075
1080
1089
1101
1102
1105
1106
1108
1116
1118
1122
1130
1131
1136
1139
1146
1151
1160
1163
1170
1174
1175
1189
1192
1197
1203
1208
1218
1220
1221
1225
1228
1231
1232
1249
1252
1254
1297
1300
1310
1315
1318
1339
1344
1345
1350
1355
1363
1367
1373
1375
1387
1389
1391
1403
1404
1406
1408
1415
1420
1424
1433
1449
1453
1458
1463
1479
1480
1490
1491
1492
1501
1515
1520
1526
1537
1539
1545
1561
1565
1570
1573
1579
1586
1589
1590
1592
1602
1603
1607
1609
1614
1618
1630
1636
1637
1647
1660
1662
1663
1665
1668
1669
1670
1677
1678
1679
1682
1684
1694
1699
1702
1705
1706
1711
1718
1723
1726
1735
1739
1748
1750
1755
1757
1765
1780
1789
1792
1795
1797
1803
1812
1825
1835
1842
1846
1855
1859
1861
1867
1882
1886
1890
1899
1904
1906
1908
1911
1913
1919
1920
1926
1938
1941
1946
1948
1956
1965
1967
1968
1980
1984
1997
2001
2004
2006
2008
2017
2020
2022
2024
2027
2032
2033
2035
2043
2045
2047
2050
2051
2055
2058
2059
2074
2077
2079
2082
2083
2087
2094
2108
2119
2120
2123
2129
2130
2138
2141
2147
2163
2165
2185
2191
2199
2200
2203
2215
2217
2220
2223
2230
2242
2243
2250
2256
2257
2259
2262
2267
2270
2274
2282
2287
2298
2300
2302
2304
2311
2314
2318
2324
2326
2327
2328
2329
2331
2338
2342
2346
2350
2359
2360
2381
2384
2390
2393
2394
2398
2414
2415
2419
2422
2426
2431
2432
2445
2453
2463
2465
2471
2472
2480
2483
2490
2491
2493
2499
2508
2513
2515
2519
2523
2530
2535
2536
2537
2547
2558
2562
2565
2566
2568
2569
2578
2590
2594
2598
2601
2606
2621
2626
2631
2638
2643
2685
2688
2689
2696
2700
2704
2710
2714
2718
2733
2739
2744
2752
2773
2776
2791
2798
2799
2812
2814
2826
2827
2829
2830
2836
2843
2852
2865
2866
2867
2889
2895
2898
2906
2907
2910
2914
2918
2932
2935
2937
2939
2946
2947
2954
2955
2958
2960
2973
2974
2975
2981
2986
2994
2997
2999
3003
3005
3012
3016
3037
3043
3052
3053
3062
3073
3077
3078
3096
3097
3104
3115
3117
3119
3122
3134
3141
3145
3148
3157
3159
3163
3168
3171
3186
3189
3191
3192
3194
3201
3202
3209
3220
3226
3228
3229
3231
3232
3233
3243
3244
3251
3259
3260
3261
3266
3286
3287
3295
3297
3299
3302
3305
3310
3313
3316
3321
3322
3323
3324
3339
3341
3344
3352
3356
3357
3360
3372
3379
3388
3390
3397
3403
3412
3413
3415
3416
3418
3419
3423
3426
3436
3456
3462
3465
3469
3470
3478
3480
3485
3488
3490
3491
3501
3506
3507
3509
3514
3520
3523
3527
3533
3534
3541
3549
3552
3556
3563
3569
3579
3585
3589
3601
3605
3617
3621
3622
3623
3626
3627
3628
3634
3639
3643
3647
3652
3658
3660
3671
3681
3684
3685
3698
3704
3710
3712
3724
3729
3732
3739
3745
3750
3754
3756
3757
3767
3770
3771
3800
3801
3809
3814
3815
3816
3818
3822
3825
3840
3843
3851
3870
3871
3883
3885
3911
3919
3921
3923
3935
3937
3938
3961
3965
3968
3974
3977
3986
3989
4001
4004
4006
4011
4016
4018
4024
4025
4026
4029
4034
4036
4043
4045
4048
4055
4062
4063
4064
4065
4067
4072
4078
4081
4106
4114
4116
4118
4122
4125
4127
4134
4136
4137
4139
4145
4147
4149
4170
4171
4177
4179
4190
4192
4193
4199
4201
4204
4215
4217
4219
4222
4226
4228
4231
4249
4254
4256
4258
4261
4262
4270
4278
4293
4299
4301
4302
4311
4314
4323
4331
4334
4335
4347
4349
4350
4369
4373
4414
4418
4421
4425
4433
4435
4449
4458
4461
4463
4465
4466
4470
4471
4473
4474
4478
4485
4496
4501
4502
4504
4508
4515
4518
4528
4541
4543
4547
4551
4557
4563
4570
4576
4577
4582
4583
4588
4589
4591
4610
4612
4619
4622
4637
4641
4644
4646
4649
4652
4656
4664
4666
4668
4670
4678
4680
4686
4690
4697
4708
4709
4712
4718
4722
4728
4731
4744
4747
4749
4751
4752
4755
4756
4757
4759
4769
4775
4798
4801
4804
4806
4809
4813
4817
4818
4829
4830
4831
4833
4836
4838
4839
4841
4844
4849
4850
4853
4866
4871
4872
4875
4881
4889
4892
4901
4908
4913
4914
4919
4933
4939
4940
4941
4942
4943
4946
4960
4964
4972
4977
4978
4981
