2
5
6
8
10
11
12
15
22
23
24
27
33
35
36
37
39
41
44
46
48
49
51
54
56
58
59
60
61
62
63
64
65
67
70
72
73
74
75
78
79
80
81
82
83
84
85
86
87
89
92
95
98
100
101
102
106
108
110
112
114
117
118
119
120
123
125
127
128
129
130
131
132
133
134
136
138
139
140
141
146
148
149
151
152
153
154
156
157
159
160
161
162
165
166
167
170
171
172
174
175
176
180
182
184
185
189
195
196
197
199
200
202
203
204
205
206
208
209
210
211
212
220
221
224
225
226
227
228
229
231
233
234
236
238
239
240
241
242
243
245
246
247
248
250
251
256
258
259
262
263
264
265
266
267
269
272
274
275
278
280
281
286
288
290
294
295
298
299
302
303
304
305
306
307
308
310
311
312
315
317
319
321
322
324
325
328
329
330
331
332
335
336
337
340
341
343
344
345
346
348
349
350
351
355
357
358
359
362
365
366
367
368
370
371
372
373
375
377
379
380
381
383
384
386
387
391
393
394
395
397
398
399
400
401
402
405
409
410
411
412
413
415
416
418
419
421
422
423
424
427
430
431
433
434
435
437
438
439
441
442
444
445
446
447
449
450
451
453
454
455
459
461
462
463
464
467
473
474
475
476
479
481
484
489
491
492
493
494
495
496
497
498
499
500
501
503
505
506
509
510
511
513
514
517
519
520
521
522
523
525
527
529
530
532
533
534
535
536
537
538
540
542
543
544
545
546
548
551
553
555
556
557
558
559
560
561
563
564
566
567
569
572
573
575
577
579
584
587
588
589
590
591
594
595
596
597
598
601
603
605
606
607
609
612
613
615
616
617
619
622
623
624
626
628
632
633
634
637
638
639
641
646
647
653
654
655
656
659
660
661
662
664
667
668
670
671
673
674
677
678
679
680
681
687
689
690
691
692
693
694
695
696
698
701
702
703
705
707
708
710
711
712
715
716
717
722
726
727
731
734
735
738
740
741
742
744
746
749
750
752
755
758
759
760
761
762
763
765
767
768
770
771
772
773
774
777
778
779
781
784
786
787
791
792
793
795
796
797
799
801
802
803
804
805
809
811
812
813
814
815
817
818
819
820
821
822
823
824
825
827
830
831
832
833
834
836
837
838
840
845
854
855
857
858
859
860
861
863
865
870
872
874
875
876
877
878
879
881
882
883
884
888
889
891
892
894
895
896
897
899
902
904
905
906
907
909
910
912
913
915
916
917
918
919
921
924
926
930
933
935
936
937
940
941
942
943
944
945
950
952
953
954
955
959
960
961
963
964
967
970
971
972
974
975
976
977
978
980
981
983
984
987
988
991
992
993
998
999
1004
1005
1006
1007
1011
1013
1014
1015
1018
1019
1020
1021
1023
1024
1025
1026
1027
1028
1030
1031
1032
1034
1036
1037
1039
1041
1042
1043
1048
1049
1051
1052
1053
1055
1056
1057
1058
1060
1061
1063
1064
1065
1066
1069
1070
1071
1073
1074
1075
1076
1077
1078
1081
1083
1084
1085
1086
1091
1092
1094
1098
1101
1102
1103
1105
1108
1109
1112
1113
1116
1120
1123
1125
1127
1128
1130
1131
1133
1134
1135
1136
1137
1139
1140
1141
1142
1143
1145
1146
1147
1150
1151
1155
1157
1158
1159
1161
1162
1163
1166
1167
1168
1169
1170
1171
1172
1177
1178
1181
1182
1183
1184
1185
1186
1188
1189
1190
1192
1195
1200
1201
1202
1203
1204
1205
1206
1207
1209
1214
1215
1217
1218
1221
1223
1225
1226
1227
1229
1230
1232
1234
1237
1241
1243
1246
1249
1250
1251
1252
1255
1257
1259
1260
1261
1263
1264
1265
1266
1268
1271
1272
1273
1274
1275
1276
1277
1279
1281
1282
1284
1285
1286
1287
1289
1291
1292
1294
1297
1299
1300
1301
1302
1303
1304
1305
1306
1308
1309
1312
1313
1314
1315
1318
1320
1321
1323
1324
1326
1328
1329
1330
1331
1332
1334
1336
1337
1338
1339
1340
1342
1344
1347
1349
1350
1351
1354
1355
1357
1359
1360
1361
1363
1364
1369
1370
1371
1373
1377
1379
1381
1382
1384
1385
1386
1387
1388
1389
1392
1395
1397
1399
1402
1403
1406
1407
1409
1410
1413
1414
1417
1418
1420
1422
1423
1424
1427
1428
1430
1431
1432
1433
1437
1439
1440
1442
1443
1445
1447
1448
1449
1451
1452
1453
1454
1457
1462
1463
1464
1467
1468
1471
1472
1473
1474
1476
1477
1478
1481
1483
1484
1485
1487
1488
1489
1491
1492
1494
1495
1500
1501
1502
1504
1506
1507
1513
1514
1515
1517
1519
1521
1522
1523
1525
1528
1531
1532
1536
1537
1538
1539
1541
1544
1545
1547
1549
1551
1555
1558
1560
1561
1563
1566
1567
1568
1570
1574
1575
1577
1581
1582
1583
1586
1587
1588
1592
1594
1595
1596
1597
1598
1599
1605
1611
1612
1614
1615
1617
1619
1623
1625
1626
1628
1629
1630
1631
1632
1633
1634
1635
1636
1637
1639
1640
1641
1642
1643
1644
1646
1647
1648
1649
1652
1655
1658
1659
1664
1665
1667
1668
1671
1672
1673
1675
1677
1679
1680
1684
1685
1687
1688
1689
1691
1692
1693
1694
1695
1697
1698
1699
1704
1706
1708
1711
1712
1713
1714
1715
1716
1717
1718
1720
1723
1725
1726
1728
1729
1730
1732
1735
1738
1739
1746
1748
1750
1751
1752
1755
1758
1759
1762
1763
1764
1765
1766
1767
1768
1770
1772
1773
1780
1781
1787
1788
1790
1791
1792
1793
1794
1796
1798
1800
1801
1802
1804
1805
1806
1808
1809
1811
1813
1814
1815
1817
1820
1823
1825
1826
1827
1829
1830
1831
1833
1834
1835
1840
1842
1843
1844
1847
1849
1850
1851
1853
1854
1855
1858
1859
1860
1861
1862
1864
1865
1866
1867
1869
1871
1872
1873
1874
1875
1877
1878
1879
1880
1881
1884
1885
1886
1890
1892
1893
1894
1895
1897
1898
1899
1901
1902
1904
1905
1906
1908
1909
1912
1914
1915
1916
1920
1925
1926
1927
1928
1931
1934
1935
1936
1937
1938
1939
1940
1947
1949
1951
1952
1954
1956
1957
1960
1961
1963
1965
1967
1968
1969
1970
1972
1974
1979
1980
1983
1984
1985
1988
1989
1990
1991
1992
1993
1994
1996
1999
2000
2002
2003
2004
2005
2006
2008
2009
2010
2012
2014
2016
2017
2018
2021
2022
2023
2024
2027
2028
2029
2031
2033
2034
2035
2036
2037
2038
2039
2040
2042
2044
2045
2047
2049
2050
2051
2052
2054
2056
2058
2059
2060
2061
2062
2063
2065
2066
2067
2068
2069
2072
2074
2076
2078
2081
2082
2085
2086
2087
2088
2089
2093
2098
2100
2102
2105
2106
2108
2110
2111
2112
2114
2115
2116
2118
2120
2121
2123
2124
2126
2128
2129
2130
2131
2135
2136
2137
2138
2139
2140
2141
2142
2146
2147
2148
2150
2152
2154
2157
2159
2161
2162
2163
2167
2169
2170
2173
2175
2176
2180
2181
2183
2184
2185
2186
2187
2188
2191
2194
2195
2196
2197
2199
2201
2203
2205
2206
2209
2210
2211
2212
2215
2220
2225
2226
2229
2230
2232
2234
2237
2241
2245
2246
2247
2248
2249
2250
2252
2253
2257
2258
2259
2260
2261
2262
2263
2266
2267
2269
2272
2273
2275
2278
2282
2284
2286
2290
2291
2292
2293
2295
2296
2299
2301
2302
2303
2306
2307
2308
2309
2311
2312
2313
2314
2316
2317
2318
2319
2320
2321
2322
2327
2328
2329
2333
2335
2337
2338
2343
2345
2346
2348
2349
2350
2352
2353
2354
2356
2359
2360
2361
2364
2365
2367
2371
2372
2374
2375
2380
2382
2383
2386
2388
2389
2390
2393
2394
2399
2400
2402
2403
2404
2406
2407
2410
2411
2412
2413
2414
2415
2417
2418
2422
2423
2424
2425
2427
2429
2430
2432
2434
2437
2440
2442
2443
2445
2446
2447
2448
2449
2450
2451
2452
2453
2454
2455
2457
2458
2460
2465
2468
2469
2471
2472
2474
2475
2476
2477
2478
2479
2481
2484
2486
2490
2492
2495
2496
2498
2499
2500
2501
2502
2507
2508
2509
2510
2511
2512
2513
2515
2518
2520
2524
2526
2528
2529
2530
2531
2533
2535
2536
2538
2539
2541
2545
2546
2547
2550
2551
2552
2553
2555
2556
2558
2559
2560
2561
2562
2563
2566
2567
2568
2570
2575
2576
2578
2580
2581
2582
2583
2585
2588
2589
2591
2592
2593
2594
2596
2597
2599
2601
2603
2604
2605
2607
2609
2610
2612
2613
2614
2617
2618
2619
2620
2622
2623
2624
2625
2630
2634
2636
2637
2638
2639
2642
2645
2646
2647
2648
2649
2650
2653
2654
2655
2656
2658
2659
2660
2662
2663
2664
2665
2666
2667
2671
2674
2675
2676
2677
2681
2683
2684
2685
2687
2689
2690
2692
2693
2694
2698
2699
2700
2701
2702
2703
2704
2706
2707
2709
2712
2713
2714
2715
2717
2719
2720
2722
2723
2724
2726
2727
2728
2729
2731
2733
2734
2735
2736
2737
2738
2739
2740
2741
2742
2744
2747
2749
2750
2751
2752
2753
2754
2756
2757
2758
2760
2761
2762
2765
2767
2768
2770
2771
2772
2773
2775
2776
2777
2780
2782
2783
2784
2786
2789
2791
2793
2794
2795
2796
2797
2798
2800
2802
2803
2804
2808
2811
2812
2814
2815
2816
2819
2820
2822
2824
2826
2828
2831
2833
2835
2837
2838
2839
2841
2842
2843
2844
2845
2846
2847
2848
2849
2850
2851
2852
2854
2857
2858
2863
2864
2865
2866
2867
2868
2869
2871
2872
2874
2876
2877
2878
2879
2880
2882
2887
2889
2891
2892
2893
2894
2895
2896
2898
2899
2900
2901
2904
2907
2910
2911
2913
2914
2917
2919
2921
2923
2926
2927
2929
2930
2931
2933
2935
2937
2938
2939
2941
2942
2944
2946
2947
2952
2953
2954
2955
2958
2959
2961
2962
2963
2964
2966
2967
2969
2970
2973
2975
2976
2977
2980
2982
2984
2985
2986
2987
2988
2989
2991
2992
2997
2999
3001
3006
3007
3011
3015
3016
3019
3020
3021
3022
3023
3025
3027
3029
3030
3031
3032
3033
3034
3037
3038
3039
3040
3042
3043
3044
3046
3047
3049
3050
3052
3053
3054
3055
3057
3058
3062
3063
3064
3065
3066
3067
3068
3069
3070
3071
3073
3074
3077
3078
3082
3083
3085
3086
3087
3092
3093
3097
3098
3099
3100
3102
3103
3104
3107
3108
3114
3115
3117
3119
3120
3123
3125
3129
3130
3134
3135
3137
3139
3141
3142
3143
3144
3146
3156
3158
3159
3161
3164
3165
3167
3169
3172
3173
3174
3180
3181
3182
3183
3184
3186
3188
3189
3191
3192
3194
3196
3203
3206
3207
3209
3210
3212
3213
3216
3217
3218
3219
3220
3221
3223
3225
3226
3231
3232
3233
3234
3235
3240
3241
3243
3244
3247
3248
3251
3252
3253
3254
3256
3257
3258
3259
3260
3261
3264
3267
3269
3271
3275
3276
3279
3281
3282
3283
3285
3287
3288
3291
3292
3293
3294
3295
3296
3297
3298
3302
3304
3305
3306
3307
3309
3310
3312
3313
3314
3315
3316
3317
3318
3319
3320
3321
3322
3323
3328
3329
3330
3333
3334
3335
3336
3337
3338
3340
3342
3343
3345
3346
3347
3348
3349
3355
3356
3357
3359
3360
3361
3363
3366
3367
3370
3371
3372
3373
3374
3376
3378
3380
3382
3384
3385
3386
3389
3390
3392
3393
3394
3395
3396
3397
3400
3401
3402
3403
3404
3405
3406
3407
3411
3413
3414
3416
3418
3419
3421
3422
3423
3424
3425
3430
3431
3432
3434
3435
3436
3438
3439
3440
3441
3442
3444
3446
3447
3449
3450
3451
3452
3453
3454
3456
3458
3459
3460
3461
3462
3463
3464
3465
3466
3467
3469
3472
3473
3474
3476
3477
3478
3479
3480
3482
3483
3484
3487
3488
3489
3490
3491
3493
3494
3496
3498
3501
3503
3504
3505
3506
3507
3508
3510
3512
3514
3515
3518
3520
3522
3525
3526
3527
3528
3530
3531
3533
3534
3535
3536
3537
3541
3544
3545
3548
3549
3550
3551
3552
3553
3555
3560
3561
3564
3566
3568
3571
3572
3574
3575
3576
3577
3579
3582
3583
3584
3587
3588
3590
3592
3593
3595
3597
3598
3599
3601
3602
3603
3605
3606
3607
3608
3609
3610
3611
3616
3617
3618
3620
3623
3626
3628
3632
3633
3635
3637
3638
3640
3642
3643
3644
3645
3646
3647
3648
3650
3651
3652
3653
3654
3655
3656
3657
3658
3660
3662
3663
3664
3665
3666
3667
3670
3671
3673
3674
3676
3679
3681
3682
3683
3685
3687
3688
3689
3691
3692
3693
3701
3702
3703
3704
3707
3710
3712
3716
3717
3718
3719
3720
3721
3722
3723
3724
3725
3728
3731
3732
3734
3735
3736
3737
3738
3739
3741
3742
3745
3747
3748
3749
3751
3754
3756
3758
3759
3760
3761
3762
3763
3766
3767
3769
3771
3772
3773
3774
3776
3779
3782
3783
3785
3786
3789
3790
3791
3792
3793
3794
3795
3798
3800
3801
3807
3809
3810
3811
3816
3821
3822
3824
3825
3827
3828
3830
3832
3833
3834
3838
3839
3842
3844
3845
3846
3848
3849
3854
3855
3856
3857
3861
3863
3864
3865
3866
3867
3868
3869
3870
3871
3872
3873
3874
3877
3878
3879
3880
3881
3883
3885
3887
3888
3889
3890
3893
3894
3895
3896
3897
3899
3900
3903
3904
3905
3907
3910
3911
3913
3914
3915
3917
3918
3920
3921
3926
3927
3930
3931
3932
3933
3934
3936
3938
3939
3940
3941
3944
3950
3951
3952
3953
3955
3956
3959
3964
3965
3966
3967
3968
3973
3976
3977
3978
3983
3985
3986
3988
3989
3995
3997
3998
4000
4001
4004
4005
4006
4007
4010
4011
4014
4017
4018
4020
4022
4023
4024
4025
4026
4029
4035
4036
4038
4039
4042
4043
4045
4046
4047
4054
4055
4060
4061
4072
4073
4074
4075
4077
4078
4079
4080
4081
4084
4087
4089
4090
4092
4093
4094
4095
4096
4098
4100
4103
4104
4106
4107
4110
4111
4114
4115
4116
4121
4122
4123
4125
4127
4129
4132
4133
4134
4136
4137
4138
4142
4143
4144
4145
4148
4150
4151
4152
4156
4157
4160
4161
4165
4167
4168
4170
4171
4173
4174
4175
4176
4177
4178
4180
4183
4185
4187
4188
4190
4191
4193
4195
4200
4202
4203
4204
4205
4206
4208
4210
4211
4212
4213
4214
4215
4217
4218
4219
4221
4222
4225
4226
4227
4228
4231
4233
4235
4236
4237
4238
4239
4240
4241
4244
4245
4248
4249
4252
4256
4257
4258
4259
4260
4262
4263
4265
4266
4267
4268
4270
4271
4273
4274
4275
4276
4277
4278
4279
4281
4282
4283
4285
4286
4287
4290
4292
4294
4296
4297
4298
4299
4301
4302
4303
4305
4311
4312
4314
4316
4317
4318
4319
4320
4321
4323
4324
4325
4328
4330
4332
4333
4334
4338
4340
4342
4343
4346
4347
4348
4350
4352
4354
4359
4361
4362
4363
4364
4365
4368
4369
4370
4371
4374
4376
4378
4379
4381
4383
4384
4387
4388
4391
4392
4393
4394
4397
4399
4400
4405
4407
4409
4410
4411
4413
4414
4416
4417
4418
4420
4421
4422
4424
4426
4428
4429
4430
4432
4433
4434
4435
4436
4437
4438
4439
4442
4443
4444
4445
4446
4451
4453
4454
4455
4459
4460
4461
4462
4463
4466
4467
4470
4471
4472
4473
4475
4476
4478
4479
4482
4484
4489
4491
4493
4494
4495
4496
4500
4501
4503
4504
4506
4511
4515
4517
4518
4523
4526
4527
4528
4529
4531
4532
4534
4537
4538
4539
4544
4545
4548
4549
4552
4553
4556
4557
4560
4561
4562
4563
4564
4565
4566
4567
4569
4570
4571
4572
4573
4576
4578
4579
4581
4584
4587
4588
4590
4591
4595
4598
4601
4603
4605
4606
4607
4611
4615
4619
4621
4623
4624
4627
4633
4634
4639
4640
4641
4643
4644
4645
4646
4647
4649
4650
4654
4656
4657
4658
4660
4661
4667
4669
4670
4672
4673
4675
4676
4677
4678
4680
4681
4682
4685
4686
4687
4689
4690
4691
4692
4695
4696
4697
4701
4702
4704
4705
4706
4707
4710
4712
4714
4716
4717
4719
4721
4722
4723
4725
4727
4728
4730
4733
4734
4735
4736
4737
4738
4739
4740
4741
4745
4746
4747
4749
4750
4753
4755
4757
4758
4760
4762
4763
4764
4766
4767
4770
4771
4773
4775
4778
4779
4780
4784
4787
4788
4789
4791
4794
4795
4796
4797
4798
4799
4800
4801
4803
4804
4806
4807
4810
4814
4815
4816
4818
4820
4821
4822
4823
4824
4825
4826
4828
4829
4830
4831
4832
4833
4834
4837
4838
4839
4840
4841
4842
4843
4846
4847
4849
4851
4852
4853
4856
4857
4859
4860
4862
4863
4867
4868
4869
4871
4872
4873
4875
4877
4879
4880
4881
4883
4885
4886
4887
4888
4889
4890
4891
4893
4894
4897
4901
4906
4908
4909
4910
4911
4912
4916
4917
4918
4919
4922
4924
4925
4927
4928
4931
4932
4933
4935
4936
4939
4944
4945
4946
4947
4949
4952
4953
4955
4957
4959
4960
4961
4963
4964
4965
4966
4967
4968
4969
4970
4973
4974
4975
4978
4982
4983
4985
4986
4987
4989
4990
4991
4993
4994
